train_subjects
274542
193239
422632
809252
102816
171431
118528
204521
246133
143224
599469
148840
255740
645450
159744
156031
167743
366042
200917
421226
677766
753150
201414
119025
129634
748258
129533
859671
139233
969476
176845
701535
139839
715950
206727
756055
350330
295146
871762
581349
728454
227533
580751
137532
519647
390645
118023
211215
316633
686969
156637
679770
168139
141422
251833
348545
136126
200311
561242
134223
192540
922854
239944
704238
123117
725751
695768
118124
152427
134728
151728
193441
633847
179952
171532
175439
540436
209531
143830
901139
179346
820745
211619
894774
164030
979984
174841
117122
202820
788674
385450
822244
177241
911849
617748
188448
119833
609143
212419
108222
322224
894067
137431
197348
183741
205725
155635
113922
281135
749058
158338
268850
792867
365343
415837
173435
285446
154936
128329
541640
387959
433839
760551
173940
153025
172433
573451
191437
147636
882161
209329
212217
481951
171128
353740
664757
467351
130316
153732
191841
783462
137027
130518
103818
158035
119732
169343
108121
124422
192641
448347
779370
759869
562345
589567
552544
275645
972566
436845
837560
117021
125525
310621
176744
126325
114823
689470
138332
520228
102109
119126
521331
680957
103111
690152
385046
341834
163331
108828
123723
102513
581450
818859
727553
206525
107321
424939
206323
304020
713239
286347
129028
113316
510326
189652
413934
208428
898176
987983
257542
536647
131924
592455
843151
748662
166640
211417
951457
865363
361234
116423
833249
160729
742549
578158
361941
169949
156536
214423
182840
194140
127832
856766
111514
856968
585256
167238
163836
128632
766563
391748
112314
187850
660951
513736
210112
769064
833148
567759
135528
168947
869472
644044
392447
103414
124624
318637
638049
588565
647858
613235
149539
401422
135629
180735
156334
518746
151021
164939
770352
140117
300618
162733
978578
155938
947668
102614
917255
161327
571144
208024
212823
159138
135225
618952
118225
321323
110007
992673
189450
162026
285345
198855
604537
180533
159845
221218
128026
121921
884064
334635
198451
523032
134324
571548
185038
290136
953764
165032
144731
111009
406432
304727
194443
735148
111413
626648
164636
205119
662551
280941
586460
530635
465852
174437
173536
139435
786569
376247
146533
601127
397760
377451
145531
102715
109830
186949
145834
209935
263436
810439
175237
329440
209834
729254
223929
114621
901038
196144
188751
517239
113821
206222
436239
182032
145632
183337
145127
333330
198350
181131
901442
303624
187345
143325
615441
454140
685058
196346
958976
394956
825048
749361
200210
151627
191336
203418
878877
210415
114419
180432
814548
308129
146836
996782
212116
177645
905147
132017
208630
965771
100206
818455
159441
887373
148941
172534
112819
185442
202113
698168
930449
171734
579665
149741
151425
657659
194746
917558
672756
171330
389357
395756
910241
849264
196952
200614
562446
715041
109325
118932
257946
195849
168745
162228
180230
127226
627852
173738
453542
877168
150726
432332
208226
186444
186040
113417
154734
157942
485757
516742
825553
150423
224022
579867
286650
117728
176239
744553
856463
872158
590047
172029
115320
138837
814649
497865
108020
371843
201111
146129
112112
121416
816653
623137
782561
529549
204016
522434
984472
186141
140925
134829
173334
172938
221319
105620
414229
168240
167036
368551
106521
108323
114217
993675
841349
158136
611938
656657
180129
172332
115825
117930
200513
195647
429040
671855
800941
336841
568963
180836
627549
615744
668361
257845
175035
153833
473952
645551
346137
580044
108525
147737
812746
693764
715647
198047
902242
620434
107018
815247
178142
190031
158843
289555
212015
927359
687163
173839
100610
683256
165941
114924
587664
912447
952863
137229
613538
181232
480141
803240
176441
149236
919966
395251
172635
128935
122418
110411
113619
154835
124220
101309
157437
555651
173132
146331
378857
187547
519950
316835
181636
148335
238033
104820
156435
199655
204319
594156
204218
727654
239136
137936
104416
133827
599671
962058
250932
553344
737960
125424
926862
165638
101107
268749
107725
706040
207123
199352
197550
129937
160830
531940
130114
206929
994273
153631
214726
162329
144933
185341
765056
293748
111312
105115
186848
342129
167440
792564
175338
200109
555348
162935
525541
552241
192843
138534
192136
300719
195041
122620
179245
136631
784565
211316
307127
356948
765864
208125
159340
160123
644246
158540
178950
628248
635245
929464
135932
283543
705341
131419
205826
102311
214625
757764
102008
115219
137633
177140
861456
116221
453441
133928
419239
362034
852455
524135
826454
178647
101915
114318
548250
250427
299154
298455
197651
203923
127731
186545
202719
170934
170631
284646
886674
123824
731140
303119
217429
210617
774663
150928
120414
151324
165436
171633
101410
208327
188145
826353
379657
127933
297655
185139
825654
138231
597869
973770
382242
154229
475855
366446
211922
105216
578057
175742
150625
161731
120212
123420
732243
352132
665254
149842
899885
140319
169040
541943
180937
127327
130013
761957
889579
141826
723141
165234
169141
844961
654754
134021
937160
966975
583858
729557
136732
209228
793465
120111
932554
213522
339847
891667
933253
386250
136227
567961
159239
397154
146634
688569
675661
101006
211821
734247
280739
182739
131823
358144
178748
828862
654552
481042
463040
495255
201818
709551
129129
872562
178849
val_subjects
124826
178243
679568
751348
827052
832651
573249
121315
558960
557857
381038
330324
172130
299760
227432
763557
143426
245333
298051
896879
894673
118730
205220
702133
499566
667056
120717
206828
201717
185846
156233
154330
132118
144428
195445
325129
320826
707749
142424
561949
378756
381543
192439
212318
392750
449753
219231
144226
767464
130922
942658
835657
134425
872764
147030
198653
585862
200008
492754
445543
397861
880157
207426
120010
694362
959574
849971
176542
118831
580650
126628
122822
138130
214221
126426
123925
148436
214524
183034
107220
352738
673455
468050
182436
888678
165840
634748
486759
214019
867468
130720
135730
191942
161832
908860
211114
614439
189349
141119
236130
107422
877269
580347
142828
169747
188549
654350
100408
196750
248339
104012
461743
120515
148133
199453
144125
137128
346945
970764
187143
567052
154532
456346
217126
355239
572045
720337
317332
566454
198249
406836
990366
623844
175136
395958
151930
151526
549757
380036
140824
923755
133019
122317
103515
724446
114116
100307
149337
116726
256540
237334
210011
192035
130821
459453
393550
131722
329844
992774
127630
559457
249947
test_subjects
103010
103212
105014
105923
106016
106319
106824
109123
110613
111211
111716
112516
112920
113215
115017
115724
116524
117324
121618
121719
123521
125222
128127
129331
130417
130619
131217
133625
134627
135124
136833
139637
140420
144832
146432
146735
146937
148032
150524
151223
151829
152225
152831
153126
153227
153429
153934
154431
155231
157336
159946
161630
163129
163432
164131
166438
168341
169444
169545
173637
175540
176037
177342
177746
185947
188347
191033
191235
192237
193845
194645
194847
195950
196851
199150
199251
199958
201515
204420
204622
209127
211720
213017
213421
220721
228434
231928
233326
255639
270332
287248
305830
308331
309636
311320
314225
349244
360030
368753
393247
412528
441939
469961
479762
500222
506234
510225
512835
513130
529953
531536
545345
547046
550439
555954
558657
559053
561444
565452
570243
576255
598568
599065
616645
622236
656253
663755
677968
680250
680452
692964
700634
734045
751550
753251
771354
773257
788876
789373
792766
802844
804646
810843
837964
845458
857263
870861
871964
873968
878776
885975
896778
904044
907656
910443
943862
955465
957974
965367
971160
983773
987074
989987
991267
